0,494
0,493
0,492
0,491
0,490
0,489
0,488
0,487
0,486
0,485
58,1
58,3
57,1
57,3
56,1
56,3
55,1
55,3
54,1
54,3
52,1
52,3
51,1
51,3
50,1
50,3
49,1
49,3
71,49
71,48
71,47
71,46
71,45
71,44
71,43
71,42
71,41
71,40
71,39
71,38
71,37
71,36
71,35
59,2
48,1
48,3
53,1
53,3
47,1
47,3
59,1
59,3
10,128
10,122
10,224
10,226
10,316
10,228
10,268
10,192
11,6
11,8
11,22
11,28
11,20
11,27
11,9
8,6
8,18
8,5
0,477
69,3
69,2
69,1
69,0
68,3
68,2
68,1
68,0
67,3
67,2
67,1
67,0
66,3
66,2
66,1
66,0
65,3
65,2
65,1
65,0
64,3
64,2
64,1
64,0
63,3
63,2
63,1
63,0
62,3
62,2
62,1
62,0
61,3
61,2
61,1
61,0
60,3
60,2
60,1
60,0
20,3
20,2
20,1
